net 
{
    node_size = (76 36);
}

node N0_7muVerMo
{
    label = "10_7muVerMo";
    position = (363 348);
    states = ("StrongUp"  "WeakUp"  "Neutral"  "Down");
}

node SubjVertMo
{
    label = "SubjVertMo";
    position = (363 308);
    states = ("StronUp"  "WeakUp"  "Neutral"  "Down");
}

node QGVertMotion
{
    label = "QGVertMotion";
    position = (363 268);
    states = ("StrongUp"  "WeakUp"  "Neutral"  "Down");
}

node CombVerMo
{
    label = "CombVerMo";
    position = (469 326);
    states = ("StrongUp"  "WeakUp"  "Neutral"  "Down");
}

node AreaMeso_ALS
{
    label = "AreaMeso_ALS";
    position = (572 280);
    states = ("StrongUp"  "WeakUp"  "Neutral"  "Down");
}

node SatContMoist
{
    label = "SatContMoist";
    position = (363 208);
    states = ("VeryWet"  "Wet"  "Neutral"  "Dry");
}

node RaoContMoist
{
    label = "RaoContMoist";
    position = (363 168);
    states = ("VeryWet"  "Wet"  "Neutral"  "Dry");
}

node CombMoisture
{
    label = "CombMoisture";
    position = (474 193);
    states = ("VeryWet"  "Wet"  "Neutral"  "Dry");
}

node AreaMoDryAir
{
    label = "AreaMoDryAir";
    position = (576 216);
    states = ("VeryWet"  "Wet"  "Neutral"  "Dry");
}

node VISCloudCov
{
    label = "VISCloudCov";
    position = (363 68);
    states = ("Cloudy"  "PC"  "Clear");
}

node IRCloudCover
{
    label = "IRCloudCover";
    position = (363 108);
    states = ("Cloudy"  "PC"  "Clear");
}

node CombClouds
{
    label = "CombClouds";
    position = (470 127);
    states = ("Cloudy"  "PC"  "Clear");
}

node CldShadeOth
{
    label = "CldShadeOth";
    position = (673 200);
    states = ("Cloudy"  "PC"  "Clear");
}

node AMInstabMt
{
    label = "AMInstabMt";
    position = (579 116);
    states = ("None"  "Weak"  "Strong");
}

node InsInMt
{
    label = "InsInMt";
    position = (672 136);
    states = ("None"  "Weak"  "Strong");
}

node WndHodograph
{
    label = "WndHodograph";
    position = (802 144);
    states = ("DCVZFavor"  "StrongWest"  "Westerly"  "Other");
}

node OutflowFrMt
{
    label = "OutflowFrMt";
    position = (892 92);
    states = ("None"  "Weak"  "Strong");
}

node MorningBound
{
    label = "MorningBound";
    position = (920 159);
    states = ("None"  "Weak"  "Strong");
}

node Boundaries
{
    label = "Boundaries";
    position = (1025 122);
    states = ("None"  "Weak"  "Strong");
}

node CldShadeConv
{
    label = "CldShadeConv";
    position = (851 189);
    states = ("None"  "Some"  "Marked");
}

node CompPlFcst
{
    label = "CompPlFcst";
    position = (1061 225);
    states = ("IncCapDecIns"  "LittleChange"  "DecCapIncIns");
}

node Date
{
    label = "Date";
    position = (46 456);
    states = ("May15_Jun14"  "Jun15_Jul1"  "Jul2_Jul15"  "Jul16_Aug10" 
     "Aug11_Aug20"  "Aug20_Sep15");
}

node Scenario
{
    label = "Scenario";
    position = (147 454);
    states = ("A"  "B"  "C"  "D"  "E"  "F"  "G"  "H"  "I"  "J"  "K");
}

node MorningCIN
{
    label = "MorningCIN";
    position = (715 345);
    states = ("None"  "PartInhibit"  "Stifling"  "TotalInhibit");
}

node TempDis
{
    label = "TempDis";
    position = (89 351);
    states = ("QStationary"  "Moving"  "None"  "Other");
}

potential (N0_7muVerMo |)
{
    data = (0.25000000 0.25000000 0.25000000 0.25000000);
}

potential (SubjVertMo |)
{
    data = (0.15000000 0.15000000 0.50000000 0.20000000);
}

potential (QGVertMotion |)
{
    data = (0.15000000 0.15000000 0.50000000 0.20000000);
}

potential (CombVerMo | N0_7muVerMo SubjVertMo QGVertMotion)
{
    data = ((((1.00000000 0.00000000 0.00000000 0.00000000)
        (0.90000000 0.10000000 0.00000000 0.00000000)
        (0.70000000 0.20000000 0.10000000 0.00000000)
        (0.20000000 0.50000000 0.20000000 0.10000000))
        ((0.90000000 0.10000000 0.00000000 0.00000000)
        (0.70000000 0.30000000 0.00000000 0.00000000)
        (0.15000000 0.70000000 0.15000000 0.00000000)
        (0.10000000 0.35000000 0.45000000 0.10000000))
        ((0.70000000 0.20000000 0.10000000 0.00000000)
        (0.15000000 0.70000000 0.15000000 0.00000000)
        (0.20000000 0.60000000 0.20000000 0.00000000)
        (0.10000000 0.20000000 0.60000000 0.10000000))
        ((0.20000000 0.50000000 0.20000000 0.10000000)
        (0.10000000 0.35000000 0.45000000 0.10000000)
        (0.10000000 0.20000000 0.60000000 0.10000000)
        (0.10000000 0.10000000 0.20000000 0.60000000)))
        (((0.90000000 0.10000000 0.00000000 0.00000000)
        (0.70000000 0.30000000 0.00000000 0.00000000)
        (0.15000000 0.70000000 0.15000000 0.00000000)
        (0.10000000 0.35000000 0.45000000 0.10000000))
        ((0.70000000 0.30000000 0.00000000 0.00000000)
        (0.00000000 1.00000000 0.00000000 0.00000000)
        (0.00000000 0.70000000 0.30000000 0.00000000)
        (0.00000000 0.20000000 0.70000000 0.10000000))
        ((0.15000000 0.70000000 0.15000000 0.00000000)
        (0.00000000 0.70000000 0.30000000 0.00000000)
        (0.00000000 0.30000000 0.70000000 0.00000000)
        (0.00000000 0.15000000 0.50000000 0.35000000))
        ((0.10000000 0.35000000 0.45000000 0.10000000)
        (0.00000000 0.20000000 0.70000000 0.10000000)
        (0.00000000 0.15000000 0.50000000 0.35000000)
        (0.00000000 0.10000000 0.20000000 0.70000000)))
        (((0.70000000 0.20000000 0.10000000 0.00000000)
        (0.15000000 0.70000000 0.15000000 0.00000000)
        (0.20000000 0.60000000 0.20000000 0.00000000)
        (0.10000000 0.20000000 0.60000000 0.10000000))
        ((0.15000000 0.70000000 0.15000000 0.00000000)
        (0.00000000 0.70000000 0.30000000 0.00000000)
        (0.00000000 0.30000000 0.70000000 0.00000000)
        (0.00000000 0.15000000 0.50000000 0.35000000))
        ((0.20000000 0.60000000 0.20000000 0.00000000)
        (0.00000000 0.30000000 0.70000000 0.00000000)
        (0.00000000 0.00000000 1.00000000 0.00000000)
        (0.00000000 0.00000000 0.70000000 0.30000000))
        ((0.10000000 0.20000000 0.60000000 0.10000000)
        (0.00000000 0.15000000 0.50000000 0.35000000)
        (0.00000000 0.00000000 0.70000000 0.30000000)
        (0.00000000 0.00000000 0.30000000 0.70000000)))
        (((0.20000000 0.50000000 0.20000000 0.10000000)
        (0.10000000 0.35000000 0.45000000 0.10000000)
        (0.10000000 0.20000000 0.60000000 0.10000000)
        (0.10000000 0.10000000 0.20000000 0.60000000))
        ((0.10000000 0.35000000 0.45000000 0.10000000)
        (0.00000000 0.20000000 0.70000000 0.10000000)
        (0.00000000 0.15000000 0.50000000 0.35000000)
        (0.00000000 0.10000000 0.20000000 0.70000000))
        ((0.10000000 0.20000000 0.60000000 0.10000000)
        (0.00000000 0.15000000 0.50000000 0.35000000)
        (0.00000000 0.00000000 0.70000000 0.30000000)
        (0.00000000 0.00000000 0.30000000 0.70000000))
        ((0.10000000 0.10000000 0.20000000 0.60000000)
        (0.00000000 0.10000000 0.20000000 0.70000000)
        (0.00000000 0.00000000 0.30000000 0.70000000)
        (0.00000000 0.00000000 0.00000000 1.00000000))));
}

potential (AreaMeso_ALS | CombVerMo)
{
    data = ((1.00000000 0.00000000 0.00000000 0.00000000)
        (0.00000000 1.00000000 0.00000000 0.00000000)
        (0.00000000 0.00000000 1.00000000 0.00000000)
        (0.00000000 0.00000000 0.00000000 1.00000000));
}

potential (SatContMoist |)
{
    data = (0.15000000 0.20000000 0.40000000 0.25000000);
}

potential (RaoContMoist |)
{
    data = (0.15000000 0.20000000 0.40000000 0.25000000);
}

potential (CombMoisture | SatContMoist RaoContMoist)
{
    data = (((0.90000000 0.10000000 0.00000000 0.00000000)
        (0.60000000 0.35000000 0.05000000 0.00000000)
        (0.30000000 0.50000000 0.20000000 0.00000000)
        (0.25000000 0.35000000 0.25000000 0.15000000))
        ((0.55000000 0.40000000 0.05000000 0.00000000)
        (0.15000000 0.60000000 0.20000000 0.05000000)
        (0.05000000 0.40000000 0.45000000 0.10000000)
        (0.10000000 0.30000000 0.30000000 0.30000000))
        ((0.25000000 0.30000000 0.35000000 0.10000000)
        (0.10000000 0.35000000 0.50000000 0.05000000)
        (0.00000000 0.15000000 0.70000000 0.15000000)
        (0.00000000 0.10000000 0.40000000 0.50000000))
        ((0.25000000 0.25000000 0.25000000 0.25000000)
        (0.25000000 0.25000000 0.25000000 0.25000000)
        (0.25000000 0.25000000 0.25000000 0.25000000)
        (0.25000000 0.25000000 0.25000000 0.25000000)));
}

potential (AreaMoDryAir | AreaMeso_ALS CombMoisture)
{
    data = (((0.99000000 0.01000000 0.00000000 0.00000000)
        (0.70000000 0.29000000 0.01000000 0.00000000)
        (0.20000000 0.55000000 0.24000000 0.01000000)
        (0.00000000 0.25000000 0.55000000 0.20000000))
        ((0.80000000 0.20000000 0.00000000 0.00000000)
        (0.35000000 0.55000000 0.10000000 0.00000000)
        (0.01000000 0.39000000 0.55000000 0.05000000)
        (0.00000000 0.02000000 0.43000000 0.55000000))
        ((0.70000000 0.29000000 0.01000000 0.00000000)
        (0.20000000 0.60000000 0.20000000 0.00000000)
        (0.01000000 0.09000000 0.80000000 0.10000000)
        (0.00000000 0.00000000 0.30000000 0.70000000))
        ((0.20000000 0.74000000 0.06000000 0.00000000)
        (0.05000000 0.40000000 0.45000000 0.10000000)
        (0.00000000 0.05000000 0.50000000 0.45000000)
        (0.00000000 0.00000000 0.01000000 0.99000000)));
}

potential (VISCloudCov |)
{
    data = (0.10000000 0.50000000 0.40000000);
}

potential (IRCloudCover |)
{
    data = (0.15000000 0.45000000 0.40000000);
}

potential (CombClouds | VISCloudCov IRCloudCover)
{
    data = (((0.95000000 0.04000000 0.01000000)
        (0.85000000 0.13000000 0.02000000)
        (0.80000000 0.10000000 0.10000000))
        ((0.45000000 0.52000000 0.03000000)
        (0.10000000 0.80000000 0.10000000)
        (0.05000000 0.45000000 0.50000000))
        ((0.10000000 0.40000000 0.50000000)
        (0.02000000 0.28000000 0.70000000)
        (0.00000000 0.02000000 0.98000000)));
}

potential (CldShadeOth | AreaMoDryAir AreaMeso_ALS CombClouds)
{
    data = ((((1.00000000 0.00000000 0.00000000)
        (0.85000000 0.15000000 0.00000000)
        (0.25000000 0.35000000 0.40000000))
        ((0.95000000 0.05000000 0.00000000)
        (0.40000000 0.55000000 0.05000000)
        (0.05000000 0.45000000 0.50000000))
        ((0.93000000 0.07000000 0.00000000)
        (0.20000000 0.78000000 0.02000000)
        (0.01000000 0.29000000 0.70000000))
        ((0.74000000 0.25000000 0.01000000)
        (0.00000000 0.50000000 0.50000000)
        (0.00000000 0.10000000 0.90000000)))
        (((0.92000000 0.08000000 0.00000000)
        (0.70000000 0.29000000 0.01000000)
        (0.15000000 0.40000000 0.45000000))
        ((0.90000000 0.09000000 0.01000000)
        (0.25000000 0.60000000 0.15000000)
        (0.01000000 0.30000000 0.69000000))
        ((0.80000000 0.20000000 0.00000000)
        (0.01000000 0.89000000 0.10000000)
        (0.00000000 0.10000000 0.90000000))
        ((0.65000000 0.34000000 0.01000000)
        (0.00000000 0.40000000 0.60000000)
        (0.00000000 0.02000000 0.98000000)))
        (((0.88000000 0.12000000 0.00000000)
        (0.40000000 0.50000000 0.10000000)
        (0.10000000 0.40000000 0.50000000))
        ((0.85000000 0.15000000 0.00000000)
        (0.15000000 0.75000000 0.10000000)
        (0.00000000 0.20000000 0.80000000))
        ((0.80000000 0.18000000 0.02000000)
        (0.03000000 0.85000000 0.12000000)
        (0.00000000 0.05000000 0.95000000))
        ((0.50000000 0.48000000 0.02000000)
        (0.01000000 0.74000000 0.25000000)
        (0.00000000 0.01000000 0.99000000)))
        (((0.85000000 0.14000000 0.01000000)
        (0.55000000 0.43000000 0.02000000)
        (0.10000000 0.25000000 0.65000000))
        ((0.60000000 0.39000000 0.01000000)
        (0.01000000 0.90000000 0.09000000)
        (0.00000000 0.15000000 0.85000000))
        ((0.78000000 0.20000000 0.02000000)
        (0.01000000 0.74000000 0.25000000)
        (0.00000000 0.04000000 0.96000000))
        ((0.42000000 0.55000000 0.03000000)
        (0.05000000 0.65000000 0.30000000)
        (0.00000000 0.00000000 1.00000000))));
}

potential (AMInstabMt |)
{
    data = (0.33333300 0.33333300 0.33333400);
}

potential (InsInMt | CldShadeOth AMInstabMt)
{
    data = (((0.90000000 0.10000000 0.00000000)
        (0.01000000 0.40000000 0.59000000)
        (0.00000000 0.05000000 0.95000000))
        ((0.60000000 0.39000000 0.01000000)
        (0.00000000 0.40000000 0.60000000)
        (0.00000000 0.00000000 1.00000000))
        ((0.50000000 0.35000000 0.15000000)
        (0.00000000 0.15000000 0.85000000)
        (0.00000000 0.00000000 1.00000000)));
}

potential (WndHodograph |)
{
    data = (0.30000000 0.25000000 0.25000000 0.20000000);
}

potential (OutflowFrMt | InsInMt WndHodograph)
{
    data = (((1.00000000 0.00000000 0.00000000)
        (1.00000000 0.00000000 0.00000000)
        (1.00000000 0.00000000 0.00000000)
        (1.00000000 0.00000000 0.00000000))
        ((0.50000000 0.40000000 0.10000000)
        (0.15000000 0.40000000 0.45000000)
        (0.35000000 0.60000000 0.05000000)
        (0.80000000 0.19000000 0.01000000))
        ((0.05000000 0.45000000 0.50000000)
        (0.01000000 0.15000000 0.84000000)
        (0.10000000 0.25000000 0.65000000)
        (0.60000000 0.30000000 0.10000000)));
}

potential (MorningBound |)
{
    data = (0.50000000 0.35000000 0.15000000);
}

potential (Boundaries | OutflowFrMt WndHodograph MorningBound)
{
    data = ((((0.50000000 0.48000000 0.02000000)
        (0.30000000 0.50000000 0.20000000)
        (0.10000000 0.25000000 0.65000000))
        ((0.75000000 0.22000000 0.03000000)
        (0.45000000 0.45000000 0.10000000)
        (0.25000000 0.40000000 0.35000000))
        ((0.80000000 0.18000000 0.02000000)
        (0.35000000 0.50000000 0.15000000)
        (0.25000000 0.35000000 0.40000000))
        ((0.70000000 0.28000000 0.02000000)
        (0.25000000 0.60000000 0.15000000)
        (0.05000000 0.35000000 0.60000000)))
        (((0.30000000 0.63000000 0.07000000)
        (0.10000000 0.50000000 0.40000000)
        (0.05000000 0.20000000 0.75000000))
        ((0.15000000 0.70000000 0.15000000)
        (0.10000000 0.75000000 0.15000000)
        (0.05000000 0.50000000 0.45000000))
        ((0.15000000 0.70000000 0.15000000)
        (0.05000000 0.80000000 0.15000000)
        (0.05000000 0.45000000 0.50000000))
        ((0.40000000 0.55000000 0.05000000)
        (0.20000000 0.65000000 0.15000000)
        (0.05000000 0.30000000 0.65000000)))
        (((0.00000000 0.55000000 0.45000000)
        (0.00000000 0.40000000 0.60000000)
        (0.00000000 0.15000000 0.85000000))
        ((0.00000000 0.50000000 0.50000000)
        (0.00000000 0.40000000 0.60000000)
        (0.00000000 0.20000000 0.80000000))
        ((0.00000000 0.70000000 0.30000000)
        (0.00000000 0.50000000 0.50000000)
        (0.00000000 0.20000000 0.80000000))
        ((0.02000000 0.73000000 0.25000000)
        (0.01000000 0.50000000 0.49000000)
        (0.01000000 0.20000000 0.79000000))));
}

potential (CldShadeConv | InsInMt WndHodograph)
{
    data = (((1.00000000 0.00000000 0.00000000)
        (1.00000000 0.00000000 0.00000000)
        (1.00000000 0.00000000 0.00000000)
        (1.00000000 0.00000000 0.00000000))
        ((0.30000000 0.60000000 0.10000000)
        (0.20000000 0.70000000 0.10000000)
        (0.50000000 0.46000000 0.04000000)
        (0.80000000 0.19000000 0.01000000))
        ((0.00000000 0.30000000 0.70000000)
        (0.00000000 0.20000000 0.80000000)
        (0.10000000 0.50000000 0.40000000)
        (0.50000000 0.38000000 0.12000000)));
}

potential (CompPlFcst | Boundaries CldShadeConv AreaMeso_ALS CldShadeOth)
{
    data = (((((0.40000000 0.35000000 0.25000000)
        (0.10000000 0.35000000 0.55000000)
        (0.05000000 0.30000000 0.65000000))
        ((0.60000000 0.25000000 0.15000000)
        (0.40000000 0.30000000 0.30000000)
        (0.20000000 0.50000000 0.30000000))
        ((0.60000000 0.35000000 0.05000000)
        (0.45000000 0.40000000 0.15000000)
        (0.25000000 0.45000000 0.30000000))
        ((0.70000000 0.27000000 0.03000000)
        (0.65000000 0.30000000 0.05000000)
        (0.60000000 0.35000000 0.05000000)))
        (((0.40000000 0.35000000 0.25000000)
        (0.25000000 0.30000000 0.45000000)
        (0.15000000 0.35000000 0.50000000))
        ((0.65000000 0.25000000 0.10000000)
        (0.45000000 0.30000000 0.25000000)
        (0.25000000 0.50000000 0.25000000))
        ((0.65000000 0.30000000 0.05000000)
        (0.50000000 0.40000000 0.10000000)
        (0.30000000 0.45000000 0.25000000))
        ((0.75000000 0.23000000 0.02000000)
        (0.70000000 0.26000000 0.04000000)
        (0.65000000 0.32000000 0.03000000)))
        (((0.45000000 0.30000000 0.25000000)
        (0.40000000 0.30000000 0.30000000)
        (0.35000000 0.30000000 0.35000000))
        ((0.70000000 0.22000000 0.08000000)
        (0.55000000 0.30000000 0.15000000)
        (0.40000000 0.45000000 0.15000000))
        ((0.70000000 0.27000000 0.03000000)
        (0.60000000 0.30000000 0.10000000)
        (0.55000000 0.33000000 0.12000000))
        ((0.85000000 0.14000000 0.01000000)
        (0.80000000 0.17000000 0.03000000)
        (0.75000000 0.23000000 0.02000000))))
        ((((0.35000000 0.35000000 0.30000000)
        (0.05000000 0.35000000 0.60000000)
        (0.03000000 0.25000000 0.72000000))
        ((0.50000000 0.25000000 0.25000000)
        (0.30000000 0.35000000 0.35000000)
        (0.15000000 0.45000000 0.40000000))
        ((0.55000000 0.30000000 0.15000000)
        (0.40000000 0.40000000 0.20000000)
        (0.20000000 0.40000000 0.40000000))
        ((0.60000000 0.35000000 0.05000000)
        (0.60000000 0.30000000 0.10000000)
        (0.55000000 0.33000000 0.12000000)))
        (((0.35000000 0.35000000 0.30000000)
        (0.10000000 0.35000000 0.55000000)
        (0.05000000 0.30000000 0.65000000))
        ((0.55000000 0.25000000 0.20000000)
        (0.35000000 0.35000000 0.30000000)
        (0.20000000 0.50000000 0.30000000))
        ((0.60000000 0.30000000 0.10000000)
        (0.45000000 0.40000000 0.15000000)
        (0.25000000 0.50000000 0.25000000))
        ((0.65000000 0.30000000 0.05000000)
        (0.65000000 0.30000000 0.05000000)
        (0.60000000 0.35000000 0.05000000)))
        (((0.40000000 0.35000000 0.25000000)
        (0.25000000 0.40000000 0.35000000)
        (0.20000000 0.40000000 0.40000000))
        ((0.65000000 0.25000000 0.10000000)
        (0.45000000 0.35000000 0.20000000)
        (0.30000000 0.50000000 0.20000000))
        ((0.65000000 0.30000000 0.05000000)
        (0.55000000 0.30000000 0.15000000)
        (0.50000000 0.30000000 0.20000000))
        ((0.78000000 0.18000000 0.04000000)
        (0.75000000 0.20000000 0.05000000)
        (0.70000000 0.25000000 0.05000000))))
        ((((0.30000000 0.30000000 0.40000000)
        (0.01000000 0.25000000 0.74000000)
        (0.01000000 0.20000000 0.79000000))
        ((0.35000000 0.25000000 0.40000000)
        (0.15000000 0.40000000 0.45000000)
        (0.10000000 0.35000000 0.55000000))
        ((0.45000000 0.30000000 0.25000000)
        (0.30000000 0.40000000 0.30000000)
        (0.15000000 0.40000000 0.45000000))
        ((0.50000000 0.35000000 0.15000000)
        (0.48000000 0.32000000 0.20000000)
        (0.45000000 0.35000000 0.20000000)))
        (((0.30000000 0.30000000 0.40000000)
        (0.05000000 0.60000000 0.35000000)
        (0.04000000 0.27000000 0.69000000))
        ((0.40000000 0.25000000 0.35000000)
        (0.20000000 0.40000000 0.40000000)
        (0.12000000 0.43000000 0.45000000))
        ((0.50000000 0.30000000 0.20000000)
        (0.35000000 0.40000000 0.25000000)
        (0.20000000 0.45000000 0.35000000))
        ((0.55000000 0.35000000 0.10000000)
        (0.55000000 0.30000000 0.15000000)
        (0.50000000 0.40000000 0.10000000)))
        (((0.30000000 0.35000000 0.35000000)
        (0.15000000 0.35000000 0.50000000)
        (0.13000000 0.35000000 0.52000000))
        ((0.50000000 0.25000000 0.25000000)
        (0.35000000 0.35000000 0.30000000)
        (0.20000000 0.45000000 0.35000000))
        ((0.55000000 0.35000000 0.10000000)
        (0.45000000 0.35000000 0.20000000)
        (0.40000000 0.35000000 0.25000000))
        ((0.70000000 0.24000000 0.06000000)
        (0.65000000 0.28000000 0.07000000)
        (0.60000000 0.30000000 0.10000000)))));
}

potential (LoLevMoistAd |)
{
    data = (0.12000000 0.28000000 0.30000000 0.30000000);
}

potential (InsChange | LoLevMoistAd CompPlFcst)
{
    data = (((0.00000000 0.050000.80000000))
        ((0.05000000 0.15000000 0.80000000)
        (0.10000000 0.40000000 0.5
        0.22131200);
}

potential (Scenario | Date)
{
    data = ((0.10000000 0.16000000 0.10000000 0.08000000 0.08000000 
        0.01000000 0.08000000 0.10000000 0.09000000 0.03000000 
        0.17000000)
        (0.05000000 0.16000000 0.09000000 0.09000000 0.12000000 
        0.02000000 0.13000000 0.06000000 0.07000000 0.11000000 
        0.10000000)
        (0.04000000 0.13000000 0.10000000 0.08000000 0.15000000 
        0.03000000 0.14000000 0.04000000 0.06000000 0.15000000 
        0.08000000)
        (0.04000000 0.13000000 0.09000000 0.07000000 0.20000000 
        0.0800 0.07000000 0.14000000 
        0.10000000)
        (0.05000000 0.11000000 0.10000000 0.08000000 0.11000000 
        0.02000000 0.11000000 0.06000000 0.08000000 0.11000000 
        0.17000000));
}

potential (ScenRelAMCIN | Scenario)
{
    data = ((1.00000000 0.00000000)
        (1.00000000 0.00000000)
        (0.00000000 1.00000000)
        (0.00000000 1.00000000)
        (0.00000000 1.00000000)
        (0.00000000 1.00000000)
        (0.00000000 1.00000000)
        (0.00000000 1.00000000)
        (0.00000000 1.00000000)
        (0.00000000 1.00000000)
        (0.00000000 1.00000000));
}

potential (MorningCIN |)
{
    data = (0.15000000 0.57000000 0.20000000 0.08000000);
}

potential (AMCINInScen | ScenRelAMCIN MorningCIN)
{
    data = (((1.00000000 0.00000000 0.00000000)
        (0.60000000 0.37000000 0.03000000)
        (0.25000000 0.45000000 0.30000000)
        (0.00000000 0.10000000 0.90000000))
        ((0.75000000 0.25000000 0.00000000)
        (0.30000000 0.60000000 0.10000000)
        (0.01000000 0.40000000 0.59000000)
        (0.00000000 0.03000000 0.97000000)));
}

potential (CapInScen | AMCINInScen CapChange)
{
    data = (((1.00000000 0.00000000 0.00000000)
        (0.98000000 0.0200000.00000000 0.00000000 0.00000000 
        0.00000000)
        (1.00000000 0.00000000 0.00000000 0.00000000 0.00000000 
        0.00000000)
        (0.00000000 1.00000000 0.00000000 0.00000000 0.00000000 
        0.00000000)
        (0.00000000 1.00000000 0.00000000 0.00000000 0.00000000 
        0.00000000)
        (0.00000000 1.00000000 0.00000000 0.00000000 0.00000000 
        0.00000000)
        (0.00000000 0.00000000 1.00000000 0.00000000 0.00000000 
        0.00000000)
        (00000));
}

potential (LIfr12ZDENSd |)
{
    data = (0.10000000 0.52000000 0.30000000 0.08000000);
}

potential (AMDewptCalPl |)
{
    data = (0.30000000 0.25000000 0.45000000);
}

potential (AMInsWliScen | ScenRelAMIns LIfr12ZDENSd AMDewptCalPl)
{
    data = ((((0.60000000 0.30000000 0.10000000)
        (0.85000000 0.13000000 0.02000000)
        (0.95000000 0.04000000 0.01000000))
        ((0.30000000 0.3000000)
        (0.90000000 0.08000000 0.02000000))
        ((0.15000000 0.30000000 0.55000000)
        (0.25000000 0.50000000 0.25000000)
        (0.60000000 0.30000000 0.10000000))
        ((0.03000000 0.17000000 0.80000000)
        (0.20000000 0.30000000 0.50000000)
        (0.45000000 0.40000000 0.15000000))
        ((0.01000000 0.04000000 0.95000000)
        (0.05000000 0.18000000 0.77000000)
        (0.25000000 0.40000000 0.35000000)))
    26000000 0.70000000)
        (0.07000000 0.30000000 0.63000000)))
        (((0.35000000 0.45000000 0.20000000)
        (0.40000000 0.50000000 0.10000000)
        (0.58000000 0.40000000 0.02000000))
        ((0.10000000 0.25000000 0.65000000)
        (0.15000000 0.45000000 0.40000000)
        (0.40000000 0.45000000 0.15000000))
        ((0.02000000 0.18000000 0.80000000)
        (0.05000000 0.25000000 0.70000000)
        (0.15000000 0.35000000 0.50000000))
        ((0.01000000 0.09000000 0.90000000)
        (0.03000000 0.17000000 0.80000000)
        (0.08000000 0.32000000 0.60000000)))
        (((0.30000000 0.55000000 0.15000000)
        (0.40000000 0.50000000 0.10000000)
        (0.50000000 0.43000000 0.07000000))
        ((0.10000000 0.35000000 0.55000000)
        (0.25000000 0.50000000 0.25000000)
        (0.30000000 0.50000000 0.20000000))
        ((0.05000000 0.22000000 0.73000000)
        (0.10000000 0.35000000 0.55000000)
        (0.15000000 0.35000000 0.5000000
        (0.10000000 0.25000000 0.65000000))));
}

potential (InsSclInScen | AMInsWliScen 0 0.10000000 0.00000000)
        (0.40000000 0.35000000 0.25000000))
        ((000 0.00000000 0.00000000 
        0.00000000 0.00000000 1.00000000 0.00000000 0.00000000 
        0.00000000)
        (0.00000000 0.00000000 0.00000000 0.00000000 0.00000000 
        0.00000000 0.00000000 0.00000000 1.00000000 0.00000000 
        0.00000000)
        (0.00000000 0.00000000 0.00000000 0.00000000 0.00000000 
        0.00000000 0.00000000 0.00000000 0.00000000 1.00000000 
        0.00000000)
        (0.00000000 0.00000000 0.00000000 0.00000000 0.00000000 
        0.00000000 0.00000000 0.00000000 0.00000000 0.00000000 
        1.00000000));
}

potential (PlainsFcst | CurPropConv InsSclInScen CapInScen ScnRelPlFcst)
{
    data = (((((0.75000000 0.20000000 0.05000000)
        (0.75000000 0.20000000 0.05000000)
        (0.90000000 0.08000000 0.02000000)
        (0.90000000 0.06000000 0.04000000)
        (0.88000000 0.10000000 0.02000000)
        (0.92000000 0.08000000 0.00000000)
        (0.85000000 0.13000000 0.02000000)
        (1.00000000 0.00000000 0.00000000)
        (0.90000000 0.08000000 0.02000000)
        (0.90000000 0.08000000 0.02000000)
        (0.95000000 0.04000000 0.01000000))
        ((0.75000000 0.20000000 0.05000000)
        (0.65000000 0.30000000 0.05000000)
        (0.90000000 0.08000000 0.02000000)
        (0.91000000 0.05000000 0.04000000)
        (0.85000000 0.13000000 0.02000000)
        (0.90000000 0.10000000 0.00000000)
        (0.84000000 0.12000000 0.04000000)
        (0.99000000 0.01000000 0.00000000)
        (0.88000000 0.10000000 0.02000000)
        (0.92000000 0.06000000 0.02000000)
        (0.96000000 0.03000000 0.01000000))
        ((0.75000000 0.20000000 0.05000000)
        (0.75000000 0.20000000 0.05000000)
        (0.95000000 0.04000000 0.01000000)
        (0.93000000 0.04000000 0.03000000)
        (0.92000000 0.06000000 0.02000000)
        (0.87000000 0.13000000 0.00000000)
        (0.90000000 0.06000000 0.04000000)
        (0.98000000 0.02000000 0.00000000)
        (0.92000000 0.06000000 0.02000000)
        (0.95000000 0.04000000 0.01000000)
        (0.97000000 0.02000000 0.01000000)))
        (((0.50000000 0.30000000 0.20000000)
        (0.60000000 0.30000000 0.10000000)
        (0.80000000 0.14000000 0.06000000)
        (0.85000000 0.09000000 0.06000000)
        (0.85000000 0.10000000 0.05000000)
        (0.88000000 0.11000000 0.01000000)
        (0.80000000 0.17000000 0.03000000)
        (0.92000000 0.06000000 0.02000000)
        (0.80000000 0.12000000 0.08000000)
        (0.75000000 0.22000000 0.03000000)
        (0.90000000 0.08000000 0.02000000))
        ((0.35000000 0.30000000 0.35000000)
        (0.55000000 0.30000000 0.15000000)
        (0.82000000 0.13000000 0.05000000)
        (0.82000000 0.10000000 0.08000000)
        (0.75000000 0.18000000 0.07000000)
        (0.88000000 0.11000000 0.01000000)
        (0.75000000 0.20000000 0.05000000)
        (0.90000000 0.07000000 0.03000000)
        (0.70000000 0.20000000 0.10000000)
        (0.80000000 0.15000000 0.05000000)
        (0.90000000 0.08000000 0.02000000))
        ((0.50000000 0.20000000 0.30000000)
        (0.60000000 0.25000000 0.15000000)
        (0.85000000 0.10000000 0.05000000)
        (0.85000000 0.07000000 0.08000000)
        (0.75000000 0.15000000 0.100000000 0.15000000 0.07000000)
        (0.86000000 0.12000000 0.02000000)
        (0.65000000 0.25000000 0.10000000)
        (0.85000000 0.10000000 0.05000000)
        (0.65000000 0.20000000 0.15000000)
        (0.72000000 0.20000000 0.08000000)
        (0.85000000 0.10000000 0.05000000))
        ((0.25000000 0.15000000 0.60000000)
        (0.45000000 0.35000000 0.20000000)
        (0.65000000 0.20000000 0.15000000)
        (0.55000000 0.20000000 0.2500007000000 0.03000000))))
        ((((0.70000000 0.25000000 0.05000000)
        (0.60000000 0.33000000 0.07000000)
        (0.82000000 0.13000000 0.05000000)
        (0.85000000 0.10000000 0.05000000)
        (0.82000000 0.15000000 0.03000000)
        (0.85000000 0.14000000 0.01000000)
        (0.80000000 0.17000000 0.03000000)
        (0.97000000 0.02000000 0.01000000)
        (0.88000000 0.10000000 0.02000000)
        (0.86000000 0.10000000 0.04000000)
        (0.88000000 0.10000000 0.02000000))
        ((0.65000000 0.25000000 0.10000000)
        (0.58000000 0.32000000 0.10000000)
        (0.80000000 0.15000000 0.05000000)
        (0.85000000 0.10000000 0.05000000)
        (0.80000000 0.16000000 0.04000000)
        (0.83000000 0.16000000 0.01000000)
       (0.85000000 0.12000000 0.03000000)
        (0.85000000 0.10000000 0.05000000)
  00)
        (0.65000000 0.28000000 0.07000000)
        (0.90000000 0.08000000 0.02 (0.70000000 0.20000000 0.10000000)
        (0.70000000 0.17000000 0.13000000)
        (0.60000000 0.29000000 0.11000000)
        (0.82000000 0.16000000 0.02000000)
        (0.63000000 0.30000000 0.07000000)
        (0.80000000 0.15000000 0.05000000)
        (0.50000000 0.30000000 0.20000000)
        (0.70000000 0.20000000 0.10000000)
        (0.80000000 0.16000000 0.04000000))
        ((0.40000000 0.28000000 0.32000000)
        (0.50000000 0.25000000 0.25000000)
        (0.72000000 0.18000000 0.10000000)
        (0.65000000 0.20000000 0.15000000)
        (0.55000000 0.30000000 0.15000000)
        (0.78000000 0.20000000 0.02000000)
        (0.55000000 0.35000000 0.10000000)
        (0.85000000 0.12000000 0.03000000)
        (0.45000000 0.30000000 0.25000000)
        (0.73000000 0.15000000 0.12000000)
        (0.85000000 0.12000000 0.03000000)))
        (((0.30000000 0.25000000 0.45000000)
        (0.40000000 0..10000000 0.02000000)
        (0.70000000 0.22000000 0.08000000)
        (0.78000000 0.16000000 0.06000000)
        (0.80000000 0.16000000 0.04000000))
        ((0.45000000 0.35000000 0.20000000)
        (0.45000000 0.35000000 0.20000000)
        (0.70000000 0.20000000 0.10000000)
        (0.72000000 0.17000000 0.11000000)
        (0.70000000 0.22000000 0.08000000)
        (0.75000000 0.24000000 0.01000000)
        (0.62000000 0.30000000 0.08000000)
        (0.85000000 0.12000000 0.03000000)
        (0.75000000 0.15000000 0.10000000)
        (0.76000000 0.17000000 0.07000000)
        (0.80000000 0.16000000 0.04000000))
        ((0.35000000 0.40000000 0.25000000)
        (0.45000000 0.40000000 0.15000000)
        (0.75000000 0.19000000 0.06000000)
        (0.70000000 0.20000000 0.10000000)
        (0.60000000 0.30000000 0.10000000)
        (0.72000000 0.27000000 0.01000000)
        (0.60000000 0.30000000 0.10000000)
        (0.80000000 0.16000000 0.04000000)
        (0.75000000 0.17000000 0.08000000)
        (0.75000000 0.20000000 0.05000000)
        (0.88000000 0.10000000 0.02000000)))
        (((0.20000000 0.45000000 0.35000000)
        (0.40000000 0.40000000 0.20000000)
        (0.70000000 0.20000000 0.10000000)
        (0.65000000 0.22000000 0.13000000)
        (0.50000000 0.34000000 0.16000000)
        (0.74000000 0.24000000 0.02000000)
        (0.60000000 0.30000000 0.10000000)
        (0.67000000 0.24000000 0.09000000)
        (0.35000000 0.40000000 0.25000000)
        (0.60000000 0.25000000 0.15000000)
        (0.75000000 0.20000000 0.05000000))
        ((0.23000000 0.40000000 0.37000000)
        (0.38000000 0.35000000 0.27000000)
        (0.58000000 