net 
{
    node_size = (76 36);
}

node Date
{
    label = "Date";
    position = (46 456);
    states = ("May15_Jun14"  "Jun15_Jul1"  "Jul2_Jul15"  "Jul16_Aug10" 
     "Aug11_Aug20"  "Aug20_Sep15");
}

node Scenario
{
    label = "Scenario";
    position = (147 454);
    states = ("A"  "B"  "C"  "D"  "E"  "F"  "G"  "H"  "I"  "J"  "K");
}

node WindFieldPln
{
    label = "WindFieldPln";
    position = (276 273);
    states = ("LV"  "DenvCyclone"  "LongAnticyc"  "E_NE"  "SEQuad" 
     "WidespdDnsl");
}

potential (SubjVertMo |)
{
    data = (0.15000000 0.15000000 0.50000000 0.20000000);
}
}

potential (CombVerMo | N0_7muVerMo SubjVertMo QGVertMotion)
{
    data = ((((1.000000
        (0.70000000 0.20000000 0.10000000 0.00000000)
        (0.20000000 0.50000000 0.20otential (SatContMoist |)
{
    data = (0.15000000 0.20000000 0.40000000 0.25000000);
}

potential (RaoContMoist |)
{
    data = (0.15000000 0.20000000 0.40000000 0.25000000);
}

potential (CombMoisture | SatContMoist RaoContMoist)
{
    data = (((0.90000000 0.10000000 0.00000000 0.00000000)
        (0.60000000 0.35000000 0.05000000 0.00000000)
        (0.30000000 0.50000000 0.20000000 0.00000000)
        (0.25000000 0.35000000 0.25000000 0.15000000))
        ((0.55000000 0.40000000 0.05000000 0.00000000)
        (0.15000000 0.60000000 0.20000000 0.05000000)
        (0.05000000 0.40000000 0.45000000 0.10000000)
        (0.10000000 0.30000000 0.30000000 0.30000000))
        ((0.25000000 0.30000000 0.35000000 0.10000000)
        (0.10000000 0.35000000 0.50000000 0.05000000)
        (0.00000000 0.15000000 0.70000000 0.15000000)
        (0.00000000 0.10000000 0.40000000 0.50000000))
        ((0.25000000 0.25000000 0.25000000 0.25000000)
        (0.25000000 0.25000000 0.25000000 0.25000000)
        (0.25000000 0.25000000 0.25000000 0.25000000)
        (0.25000000 0.25000000 0.25000000 0.25000000)));
}

potential (AreaMoDryAir | AreaMeso_ALS CombMoisture)
{
    data = (((0.99000000 0.01000000 0.00000000 0.00000000)
        (0.70000000 0.29000000 0.01000000 0.00000000)
        (0.20000000 0.55000000 0.24000000 0.01000000)
        (0.00000000 0.25000000 0.55000000 0.20000000))
        ((0.80000000 0.20000000 0.00000000 0.00000000)
        (0.35000000 0.55000000 0.10000000 0.00000000)
        (0.01000000 0.39000000 0.55000000 0.05000000)
        (0.00000000 0.02000000 0.43000000 0.55000000))
        ((0.70000000 0.29000000 0.01000000 0.00000000)
        (0.20000000 0.60000000 0.20000000 0.00000000)
        (0.01000000 0.09000000 0.80000000 0.10000000)
        (0.00000000 0.00000000 0.30000000 0.70000000))
        ((0.20000000 0.74000000 0.06000000 0.00000000)
        (0.05000000 0.40000000 0.45000000 0.10000000)
        (0.00000000 0.05000000 0.50000000 0.45000000)
        (0.00000000 0.00000000 0.01000000 0.99000000)));
}

potential (VISCloudCov |)
{
    data = (0.10000000 0.50000000 0.40000000);
}

potential (IRCloudCover |)
{
    data = (0.15000000 0.45000000 0.40000000);
}

potential (CombClouds | VISCloudCov IRCloudCover)
{
    data = (((0.95000000 0.04000000 0.01000000)
        (0.85000000 0.13000000 0.02000000)
        (0.80000000 0.10000000 0.10000000))
        ((0.45000000 0.52000000 0.03000000)
        (0.10000000 0.80000000 0.10000000)
        (0.05000000 0.45000000 0.50000000))
        ((0.10000000 0.40000000 0.50000000)
        (0.02000000 0.28000000 0.70000000)
        (0.00000000 0.02000000 0.98000000)));
}

potential (CldShadeOth | AreaMoDryAir AreaMeso_ALS CombClouds)
{
    data = ((((1.00000000 0.00000000 0.00000000)
        (0.85000000 0.15000000 0.00000000)
        (0.25000000 0.35000000 0.40000000))
        ((0.95000000 0.05000000 0.00000000)
        (0.40000000 0.55000000 0.05000000)
        (0.05000000 0.45000000 0.50000000))
        ((0.93000000 0.07000000 0.00000000)
        (0.20000000 0.78000000 0.02000000)
        (0.01000000 0.29000000 0.70000000))
        ((0.74000000 0.25000000 0.01000000)
        (0.00000000 0.50000000 0.50000000)
        (0.00000000 0.10000000 0.90000000)))
        (((0.92000000 0.08000000 0.00000000)
        (0.70000000 0.29000000 0.01000000)
        (0.15000000 0.40000000 0.45000000))
        ((0.90000000 0.09000000 0.01000000)
        (0.25000000 0.60000000 0.15000000)
        (0.01000000 0.30000000 0.69000000))
        ((0.80000000 0.20000000 0.00000000)
        (0.40000000 0.50000000 0.10000000)
        (0.10000000 0.40000000 0.50000000))
        ((0.85000000 0.15000000 0.00000000)
        (0.15000000 0.75000000 0.10000000)
        (0.00000000 0.20000000 0.80000000))
        ((0.80000000 0.18000000 0.02000000)
     ((0.50000000 0.48000000 0.02000000)
        (0.01000000 0.74000000 0.25000000)
        (0.55000000 0.43000000 0.02000000)
        (0.10000000 0.25000000 0.65000000))
        ((0.60)
{
    data = (0.30000000 0.25000000 0.25000000 0.20000000);
}

potential (OutflowFrMt | InsInMt WndHodograph)
{
    data = (((1.00000000 0.00000000 0.00000000)
        (1.00000000 0.00000000 0.00000000)
        (1.00000000 0.00000000 0.00000000)
        (1.00000000 0.00000000 0.00000000))
        ((0.50000000 0.40000000 0.10000000)
        (0.15000000 0.40000000 0.45000000)
        (0.35000000 0.60000000 0.05000000)
        (0.80000000 0.19000000 0.01000000))
        ((0.05000000 0.45000000 0.50000000)
        (0.01000000 0.15000000 0.84000000)
        (0.10000000 0.25000000 0.65000000)
        (0.60000000 0.30000000 0.10000000)));
}

potential (MorningBound |)
{
    data = (0.50000000 0.35000000 0.15000000);
}

potential (Boundaries | OutflowFrMt WndHodograph MorningBound)
{
    data = ((((0.50000000 0.48000000 0.02000000)
        (0.30000000 0.50000000 0.20000000)
        (0.10000000 0.25000000 0.65000000))
        ((000000 0.45000000)
        (0.00000000 0.40000000 0.60000000)
        (0.00000000 0.15000000 0.85000000))
        ((0.00000000 0.50000000 0.50000000)
        (0.00000000 0.40000000 0.60000000)
        (0.00000000 0.20000000 0.80000000))
        ((0.00000000 0.70000000 0.30000000)
        (0.00000000 0.50000000 0.50000000)
        (0.00000000 0.20000000 0.80000000))
        ((0.02000000 0.73000000 0.25000000)
        (0.01000000 0.50000000 0.49000000)
        (0.01000000 0.20000000 0.79000000))));
}

potential (CldShadeConv | InsInMt WndHodograph)
{
    data = (((1.00000000 0.00000000 0.00000000)
        (1.00000000 0.00000000 0.00000000)
        (1.00000000 0.00000000 0.00000000)
        (1.00000000 0.00000000 0.00000000))
        ((0.30000000 0.60000000 0.10000000)
        (0.20000000 0.70000000 0.10000000)
        (0.50000000 0.46000000 0.04000000)
        (0.80000000 0.19000000 0.01000000))
        ((0.00000000 0.3000000.50000000 0.40000000)
        (0.50000000 0.38000000 0.12000000)));
}

potenti (((((0.40000000 0.35000000 0.25000000)
        (0.10000000 0.35000000 0.550000.40000000 0.35000000 0.25000000)
        (0.25000000 0.30000000 0.45000000)
        (0.15000000 0.35000000 0.50000000))
        ((0.65000000 0.25000000 0.10000000)
        (0.45000000 0.30000000 0.25000000)
        (0.25000000 0.50000000 0.25000000))
        ((0.65000000 0.30000000 0.05000000)
        (0.50000000 0.40000000 0.10000000)
        (0.30000000 0.45000000 0.25000000))
        ((0.75000000 0.23000000 0.02000000)
        (0.70000000 0.260000(0.30000000 0.30000000 0.40000000)
        (0.01000000 0.25000000 0.74000000)
        (0.01000000 0.20000000 0.79000000))
        ((0.35000000 0.25000000 0.40000000)
        (0.15000000 0.40000000 0.45000000)
        (0.10000000 0.35000000 0.55000000))
        ((0.45000000 0.30000000 0.25000000)
        (0.30000000 0.40000000 0.30000000)
        (0.15000000 0.40000000 0.45000000))
        ((0.50000000 0.35000000 0.15000000)
        (0.48000000 0.32000000 0.20000000)
        (0.45000000 0.35000000 0.20000000)))
        (((0.30000000 0.30000000 0.40000000)
        (0.05000000 0.60000000 0.35000000)
        (0.04000000 0.27000000 0.69000000))
        ((0.40000000 0.25000000 0.35000000)
        (0.20000000 0.40000000 0.40000000)
        (0.12000000 0.43000000 0.45000000))
        ((0.50000000 0.30000000 0.20000000)
        (0.35000000 0.40000000 0.25000000)
        (0.20000000 0.45000000 0.35000000))
        ((0.55000000 0.35000000 0.10000000)
        (0.55000000 0.30000000 0.15000000)
        (0.50000000 0.40000000 0.10000000)))
        (((0.30000000 0.35000000 0.35000000)
        (0.15000000 0.35000000 0.50000000)
        (0.13000000 0.35000000 0.52000000))
        ((0.50000000 0.25000000 0.25000000)
        (0.35000000 0.35000000 0.30000000)
        (0.20000000 0.45000000 0.35000000))
        ((0.55000000 0.35000000 0.10000000)
        (0.45000000 0.35000000 0.20000000)
        (0.40000000 0.35000000 0.25000000))
        ((0.70000000 0.24000000 0.06000000)
        (0.65000000 0.28000000 0.07000000)
        (0.60000000 0.30000000 0.10000000)))));
}

potential (CapChange | CompPlFcst)
{
    data = ((0.00000000 0.00000000 1.00000000)
        (0.00000000 1.00000000 0.00000000)
        (1.00000000 0.00000000 0.00000000));
}

potential (LoLevMoistAd |)
{
    data = (0.12000000 0.28000000 0.30000000 0.30000000);
}

potential (InsChange | LoLevMoistAd CompPlFcst)
{
    data = (((0.00000000 0.05000000 0.95000000)
        (0.00000000 0.12000000 0.88000000)
        (0.05000000 0.15000000 0.80000000))
        ((0.05000000 0.15000000 0.80000000)
        (0.10000000 0.40000000 0.50000000)
        (0.25000000 0.50000000 0.25000000))
        ((0.15000000 0.000000 0.50000000 0.15000000))
        ((0.50000000 0.40000000 0.10000000)
  0000 0.08000000 0.08000000 
        0.01000000 0.08000000 0.10000000 0.09000000 0.03000000 
        0.17000000)
        (0.05000000 0.16000000 0.09000000 0.09000000 0.12000000 
        0.02000000 0.13000000 0.06000000 0.07000000 0.11000000 
        0.10000000)
        (0.04000000 0.13000000 0.10000000 0.08000000 0.15000000 
        0.03000000 0.14000000 0.04000000 0.06000000 0.15000000 
        0.08000000)
        (0.04000000 0.13000000 0.090000        0.08000000)
        (0.04000000 0.11000000 0.10000000 0.07000000 0.17000000 
     00 1.00000000)
        (0.00000000 1.00000000));
}

potential (MorningCIN |)
{
    data = (0.15000000 0.57000000 0.20000000 0.08000000);
}

potential (AMCINInScen | ScenRelAMCIN MorningCIN)
{
    data = (((1.00000000 0.00000000 0.00000000)
        (0.60000000 0.37000000 0.03000000)
        (0.25000000 0.45000000 0.30000000)
        (0.00000000 0.10000000 0.90000000))
        ((0.75000000 0.25000000 0.00000000)
        (0.30000000 0.60000000 0.10000000)
        (0.01000000 0.40000000 0.59000000)
        (0.00000000 0.03000000 0.97000000)));
}

potential (CapInScen | AMCINInS00000 0.02000000 0.00000000)
        (0.35000000 0.35000000 0.30000000))
      000000)
        (0.50000000 0.30000000 0.20000000)
        (0.75000000 0.20000000 0.05000000))
        ((0.06000000 0.21000000 0.73000000)
        (0.20000000 0.40000000 0.40000000)
        (0.50000000 0.40000000 0.10000000))
        ((0.01000000 0.04000000 0.95000000)
        (0.05000000 0.20000000 0.75000000)
        (0.35000000 0.35000000 0.30000000)))
        (((0.40000000 0.30000000 0.30000000)
        (0.70000000 0.20000000 0.10000000)
        (0.90000000 0.08000000 0.02000000))
        ((0.15000000 0.30000000 0.55000000)
        (0.25000000 0.50000000 0.25000000)
        (0.60000000 0.30000000 0.10000000))
        ((0.03000000 0.17000000 0.80000000)
        (0.20000000 0.30000000 0.50000000)
        (0.45000000 0.40000000 0.15000000))
        ((0.01000000 0.04000000 0.95000000)
        (0.05000000 0.18000000 0.77000000)
        (0.25000000 0.40000000 0.35000000)))
        (((0.35000000 0.35000000 0.30000000)
        (0.55000000 0.40000000 0.05000000)
        (0.85000000 0.13000000 0.02000000))
        ((0.07000000 0.38000000 0.55000000)
        (0.20000000 0.60000000 0.20000000)
        (0.50000000 0.43000000 0.07000000))
        ((0.00000000 0.05000000 0.95000000)
        (0.05000000 0.35000000 0.60000000)
        (0.25000000 0.50000000 0.25000000))
        ((0.00000000 0.02000000 0.98000000)
        (0.00000000 0.05000000 0.95000000)
        (0.04000000 0.16000000 0.80000000)))
        (((0.30000000 0.40000000 0.30000000)
        (0.50000000 0.30000000 0.20000000)
        (0.75000000 0.20000000 0.05000000))
        ((0.15000000 0.35000000 0.50000000)
        (0.20000000 0.60000000 0.20000000)
        (0.15000000 0.780000000)
        (0.05000000 0.25000000 0.70000000)
        (0.15000000 0.35000000 0.50000000))
        ((0.01000000 0.09000000 0.90000000)
        (0.03000000 0.17000000 0.80000000)
        (0.08000000 0.32000000 0.60000000)))
        (((0.30000000 0.55000000 0.15000000)
        (0.40000000 0.50000000 0.10000000)
        (0.50000000 0.43000000 0.07000000))
        ((0.10000000 0.35000000 0.55000000)
        (0.25000000 0.50000000 0.25000000)
        (0.30000000 0.50000000 0.20000000))
        ((0.05000000 0.22000000 0.73000000)
        (0.10000000 0.35000000 0.55000000)
  .90000000 0.08000000 0.02000000)
        (0.91000000 0.05000000 0.04000000)
        (0.85000000 0.13000000 0.02000000)
        (0.90000000 0.10000000 0.00000000)
        (0.84000000 0.12000000 0.04000000)
        (0.99000000 0.01000000 0.00000000)
        (0.88000000 0.10000000 0.02000000)
        (0.92000000 0.06000000 0.02000000)
        (0.96000000 0.03000000 0.01000000))
        ((0.75000000 0.20000000 0.05000000)
        (0.75000000 0.20000000 0.05000000)
        (0.95000000 0.04000000 0.01000000)
        (0.93000000 0.04000000 0.03000000)
        (0.92000000 0.06000000 0.02000000)
        (0.87000000 0.13000000 0.00000000)
        (0.90000000 0.06000000 0.04000000)
        (0.98000000 0.02000000 0.00000000)
        (0.92000000 0.06000000 0.02000000)
        (0.95000000 0.04000000 0.01000000)
        (0.97000000 0.02000000 0.01000000)))
        (((0.50000000 0.30000000 0.20000000)
        (0.60000000 0.30000000 0.10000000)
        (0.80000000 0.14000000 0.06000000)
        (0.85000000 0.09000000 0.06000000)
        (0.85000000 0.10000000 0.05000000)
        (0.88000000 0.11000000 0.01000000)
        (0.80000000 0.17000000 0.03000000)
        (0.92000000 0.06000000 0.02000000)
        (0.80000000 0.12000000 0.08000000)
        (0.75000000 0.22000000 0.03000000)
        (0.90000000 0.08000000 0.02000000))
        ((0.35000000 0.30000000 0.35000000)
        (0.55000000 0.30000000 0.15000000)
        (0.82000000 0.13000000 0.05000000)
        (0.82000000 0.10000000 0.08000000)
        (0.75000000 0.18000000 0.07000000)
        (0.88000000 0.11000000 0.01000000)
        (0.75000000 0.20000000 0.05000000)
        (0.90000000 0.07000000 0.03000000)
        (0.70000000 0.20000000 0.10000000)
        (0.80000000 0.15000000 0.05000000)
        (0.90000000 0.08000000 0.02000000))
        ((0.50000000 0.20000000 0.30000000)
        (0.60000000 0.25000000 0.15000000)
        (0.85000000 0.10000000 0.05000000)
        (0.85000000 0.07000000 0.08000000)
        (0.75000000 0.15000000 0.10000000)
        (0.85000000 0.14000000 0.01000000)
        (0.75000000 0.20000000 0.05000000)
        (0.94000000 0.05000000 0.01000000)
        (0.65000000 0.22000000 0.13000000)
        (0.83000000 0.10000000 0.07000000)
        (0.93000000 0.06000000 0.01000000)))
        (((0.35000000 0.20000000 0.45000000)
        (0.45000000 0.35000000 0.20000000)
        (0.80000000 0.10000000 0.10000000)
        (0.72000000 0.14000000 0.14000000)
        (0.78000000 0.15000000 0.07000000)
        (0.86000000 0.12000000 0.02000000)
        (0.65000000 0.25000000 0.10000000)
        (0.85000000 0.10000000 0.05000000)
        (0.65000000 0.20000000 0.15000000)
        (0.72000000 0.20000000 0.08000000)
        (0.85000000 0.10000000 0.05000000))
        ((0.25000000 0.15000000 0.60000000)
        (0.45000000 0.35000000 0.20000000)
        (0.65000000 0.20000000 0.15000000)
        (0.55000000 0.20000000 0.25000000)
        (0.55000000 0.25000000 0.20000000)
        (0.81000000 0.17000000 0.02000000)
        (0.60000000 0.28000000 0.12000000)
        (0.80000000 0.13000000 0.07000000)
        (0.60000000 0.20000000 0.20000000)
        (0.75000000 0.15000000 0.10000000)
        (0.88000000 0.08000000 0.04000000))
        ((0.40000000 0.08000000 0.52000000)
        (0.45000000 0.25000000 0.30000000)
        (0.75000000 0.10000000 0.15000000)
        (0.65000000 0.15000000 0.20000000)
        (0.52000000 0.25000000 0.23000000)
        (0.82000000 0.16000000 0.02000000)
        (0.65000000 0.27000000 0.08000000)
        (0.85000000 0.09000000 0.06000000)
        (0.50000000 0.20000000 0.30000000)
        (0.77000000 0.10000000 0.13000000)
        (0.90000000 0.07000000 0.03000000))))
        ((((0.70000000 0.25000000 0.05000000)
        (0.60000000 0.33000000 0.07000000)
        (0.82000000 0.13000000 0.05000000)
        (0.85000000 0.10000000 0.05000000)
        (0.82000000 0.15000000 0.03000000)
        (0.85000000 0.14000000 0.01000000)
        (0.80000000 0.17000000 0.03000000)
        (0.97000000 0.02000000 0.01000000)
        (0.88000000 0.10000000 0.02000000)
        (0.86000000 0.10000000 0.04000000)
        (0.88000000 0.10000000 0.02000000))
        ((0.65000000 0.25000000 0.10000000)
        (0.58000000 0.32000000 0.10000000)
        (0.80000000 0.15000000 0.05000000)
        (0.85000000 0.10000000 0.05000000)
        (0.80000000 0.16000000 0.04000000)
        (0.83000000 0.16000000 0.01000000)
        (0.77000000 0.17000000 0.06000000)
        (0.93000000 0.06000000 0.01000000)
        (0.85000000 0.12000000 0.03000000)
        (0.85000000 0.10000000 0.05000000)
        (0.90000000 0.08000000 0.02000000))
        ((0.60000000 0.30000000 0.10000000)
        (0.65000000 0.28000000 0.07000000)
        (0.90000000 0.08000000 0.02000000)
        (0.85000000 0.10000000 0.00000)
        (0.85000000 0.12000000 0.03000000)
        (0.90000000 0.08000000 0.02000000)
        (0.93000000 0.06000000 0.01000000)))
        (((0.30000000 0.40000000 0.3000)
        (0.75000000 0.15000000 0.10000000)
        (0.62000000 0.28000000 0.10000000)
 5000000 0.05000000)
        (0.50000000 0.30000000 0.20000000)
        (0.70000000 0.20000000 0.10000000)
        (0.80000000 0.16000000 0.04000000))
        ((0.40000000 0.28000000 0.32000000)
        (0.50000000 0.25000000 0.25000000)
        (0.72000000 0.18000000 0.10000000)
        (0.65000000 0.20000000 0.15000000)
        (0.55000000 0.30000000 0.15000000)
        (0.78000000 0.20000000 0.02000000)
        (0.55000000 0.35000000 0.10000000)
        (0.85000000 0.12000000 0.03000000)
        (0.45000000 0.30000000 0.25000000)
        (0.73000000 0.15000000 0.12000000)
         (0.60000000 0.20000000 0.20000000)
        (0.60000000 0.28000000 0.12000000)
        (0.83000000 0.14000000 0.03000000)
        (0.45000000 0.40000000 0.15000000)
        (0.70000000 0.18000000 0.12000000)
        (0.55000000 0.25000000 0.20000000)
        (0.60000000 0.25000000 0.15000000)
        (0.72000000 0.20000000 0.08000000))
        ((0.22000000 0.17000000 0.61000000)
        (0.35000000 0.37000000 0.28000000)
        (0.45000000 0.30000000 0.25000000)
        (0.45000000 0.25000000 0.30000000)
        (0.48000000 0.29000000 0.23000000)
        (0.72000000 0.25000000 0.03000000)
        (0.43000000 0.40000000 0.17000000)
        (0.68000000 0.20000000 0.12000000)
        (0.35000000 0.30000000 0.35000000)
        (0.60000000 0.20000000 0.20000000)
        (0.74000000 0.16000000 0.10000000))
        ((0.27000000 0.10000000 0.63000000)
        (0.35000000 0.30000000 0.35000000)
        (0.55000000 0.22000000 0.23000000)
        (0.45000000 0.25000000 0.30000000)
        (0.42000000 0.30000000 0.28000000)
        (0.74000000 0.22000000 0.04000000)
        (0.45000000 0.40000000 0.15000000)
        (0.77000000 0.13000000 0.10000000)
        (0.30000000 0.25000000 0.45000000)
        (0.6800.10000000 0.02000000)
        (0.70000000 0.22000000 0.08000000)
        (0.78000000 0.16000000 0.06000000)
        (0.80000000 0.16000000 0.04000000))
        ((0.45000000 0.35000000 0.20000000)
        (0.45000000 0.35000000 0.20000000)
        (0.70000000 0.20000000 0.10000000)
        (0.72000000 0.17000000 0.11000000)
        (0.70000000 0.22000000 0.08000000)
        (0.75000000 0.24000000.03000000)
        (0.75000000 0.15000000 0.10000000)
        (0.76000000 0.17000000 0.075000000 0.17000000 0.08000000)
        (0.75000000 0.20000000 0.05000000)
        (0.88000000 0.10000000 0.02000000)))
        (((0.20000000 0.45000000 0.35000000)
        (0.40000000 0.40000000 0.20000000)
        (0.70000000 0.20000000 0.10000000)
        (0.65000000 0.22000000 0.13000000)
        (0.50000000 0.34000000 0.16000000)
        (0.74000000 0.24000000 0.02000000)
        (0.60000000 0.3000000    (0.35000000 0.53000000 0.12000000)
        (0.65000000 0.24000000 0.11000000)
        (0.30000000 0.40000000 0.30000000)
        (0.60000000 0.24000000 0.16000000)
        (0.68000000 0.24000000 0.08000000))
        ((0.30000000 0.34000000 0.36000000)
        (0.35000000 0.35000000 0.30000000)
        (0.55000000 0.25000000 0.20000000)
        (0.50000000 0.27000000 0.23000000)
        (0.40000000 0.38000000 0.22000000)
        (0.70000000 0.0.22000000 0.58000000 0.20000000)
        (0.45000000 0.35000000 0.20000000)
        (0.25000000 0.34000000 0.41000000)
        (0.48000000 0.26000000 0.26000000)
        (0.58000000 0.25000000 0.17000000))
        ((0.15000000 0.16000000 0.69000000)
        (0.25000000 0.30000000 0.45000000)
        (0.40000000 0.30000000 0.30000000)
        (0.30000000 0.30000000 0.40000000)
        (0.25000000 0.40000000 0.35000000)
        (0.60000000 0.34000000 0.06000000)
        (0.18000000 0.62000000 0.20000000)
        (0.47000000 0.30000000 0.23000000)
        (0.25000000 0.30000000 0.45000000)
        (0.50000000 0.22000000 0.28000000)
        (0.50000000 0.27000000 0.23000000))))
        ((((0.40000000 0.45000000 0.15000000)
        (0.35000000 0.45000000 0.20000000)
        (0.60000000 0.27000000 0.13000000)
        (0.60000000 0.22000000 0.18000000)
        (0.55000000 0.32000000 0.13000000)
        (0.69000000 0.29000000 0.02000000)
        (0.54000000 0.36000000 0.1000)
        (0.70000000 0.22000000 0.08000000)
        (0.70000000 0.25000000 0.05000000))
 00000)
        (0.55000000 0.30000000 0.15000000)
        (0.55000000 0.2700000 0.30000000 0.50000000)
        (0.20000000 0.40000000 0.40000000)
        (0.23000000 0.30000000 0.47000000)
        (0.15000000 0.45000000 0.40000000)
        (0.50000000 0.42000000 0.08000000)
        (0.10000000 0.65000000 0.25000000)
        (0.28000000 0.40000000 0.32000000)
        (0.20000000 0.32000000 0.48000000)
        (0.30000000 0.28000000 0.42000000)
        (0.38000000 0.32000000 0.30000000)))));
}

potential (N34StarFcst | ScenRel3_4 PlainsFcst)
{
    data = (((0.94000000 0.05000000 0.01000000)
        (0.06000000 0.89000000 0.05000000)
        (0.01000000 0.05000000 0.94000000))
        ((0.98000000 0.02000000 0.00000000)
        (0.04000000 0.94000000 0.02000000)
        (0.00000000 0.03000000 0.97000000))
        ((0.92000000 0.06000000 0.02000000)
        (0.01000000 0.89000000 0.10000000)
        (0.00000000 0.01000000 0.99000000))
        ((0.92000000 0.06000000 0.02000000)
        (0.03000000 0.92000000 0.05000000)
        (0.01000000 0.04000000 0.95000000))
        ((0.99000000 0.01000000 0.00000000)
        (0.09000000 0.90000000 0.01000000)
        (0.03000000 0.12000000 0.85000000)));
}

potential (R5Fcst | MountainFcst N34StarFcst)
{
    data = (((1.00000000 0.00000000 0.00000000)
        (0.00000000 1.00000000 0.00000000)
        (0.00000000 0.00000000 1.00000000))
        ((0.00000000 1.00000000 0.00000000)
        (0.00000000 1.00000000 0.00000000)
        (0.00000000 0.00000000 1.00000000))
        ((0.00000000 0.00000000 1.00000000)
        (0.00000000 0.00000000 1.00000000)
        (0.00000000 0.00000000 1.00000000)));
}

potential (Dewpoints | Scenario)
{
    data = ((0.04000000 0.05000000 0.15000000 0.05000000 0.19000000 
        0.30000000 0.22000000)
        (0.05000000 0.07000000 0.15000000 0.10000000 0.30000000 
        0.27000000 0.06000000)
        (0.40000000 0.25000000 0.00000000 0.15000000 0.05000000 
        0.02000000 0.13000000)
        (0.13000000 0.22000000 0.18000000 0.07000000 0.34000000 
        0.03000000 0.03000000)
        (0.15000000 0.20000000 0.20000000 0.18000000 0.11000000 
        0.11000000 0.05000000)
        (0.00000000 0.00000000 0.00000000 0.00000000 0.00000000 
        0.98000000 0.02000000)
        (0.50000000 0.27000000 0.15000000 0.02000000 0.02000000 
        0.00000000 0.04000000)
        (0.00000000 0.02000000 0.10000000 0.05000000 0.50000000 
        0.20000000 0.13000000)
        (0.00000000 0.02000000 0.70000000 0.00000000 0.20000000 
        0.04000000 0.04000000)
        (0.10000000 0.45000000 0.10000000 0.05000000 0.26000000 
        0.02000000 0.02000000)
        (0.10000000 0.10000000 0.10000000 0.20000000 0.05000000 
        0.10000000 0.35000000));
}

potential (LowLLapse | Scenario)
{
    data = ((0.04000000 0.25000000 0.35000000 0.36000000)
        (0.07000000 0.31000000 0.31000000 0.31000000)
        (0.35000000 0.47000000 0.14000000 0.04000000)
        (0.40000000 0.40000000 0.13000000 0.07000000)
        (0.45000000 0.35000000 0.15000000 0.05000000)
        (0.01000000 0.35000000 0.45000000 0.19000000)
        (0.78000000 0.19000000 0.03000000 0.00000000)
        (0.00000000 0.02000000 0.33000000 0.65000000)
        (0.22000000 0.40000000 0.30000000 0.08000000)
        (0.13000000 0.4000 0.05000000)
        (0.20000000 0.45000000 0.35000000)
        (0.05000000 0.55000000 0.40000000)
        (0.20000000 0.40000000 0.40000000));
}

potential (MidLLapse | Scenario)
{
    data = ((0.25000000 0.55000000 0.20000000)
        (0.25000000 0.50000000 0.25000000)
        (0.40000000 0.38000000 0.22000000)
        (0.43000000 0.37000000 0.20000000)
        (0.02000000 0.38000000 0.60000000)
        (0.00000000 0.10000000 0.90000000)
        (.00000000 0.04000000 0.92000000)
        (0.50000000 0.35000000 0.09000000 0.06000000));
}

potential (RHRatio | Scenario)
{
    data = ((0.05000000 0.50000000 0.45000000)
        (0.10000000 0.50000000 0.40000000)
        (0.40000000 0.15000000 0.45000000)
        (0.20000000 0.45000000 0.35000000)
        (0.80000000 0.05000000 0.15000000)
        (0.00000000 0.00000000 1.00000000)
        (0.60000000 0.00000000 0.40000000)
        (0.00000000 0.70000000 0.30000000)
        (0.10000000 0.70000000 0.20000000)
        (0.40000000 0.40000000 0.20000000)
        (0.15000000 0.45000000 0.40000000));
}

potential (SfcWndShfDis | Scenario)
{
    data = ((0.65000000 0.05000000 0.10000000 0.08000000 0.04000000 
        0.07000000 0.01000000)
        (0.6500  (0.00000000 0.65000000 0.20000000 0.02000000 0.06000000 
        0.05000000 0.02000000000 0.10000000)
        (0.06000000 0.14000000 0.04000000 0.04000000 0.25000000 
000000 0.15000000 0.10000000 0.15000000 0.45000000)
        (0.15000000 0.10000000 0.05000000 0.15000000 0.55000000)
        (0.15000000 0.10000000 0.10000000 0.25000000 0.40000000)
        (0.25000000 0.25000000 0.25000000 0.15000000 0.10000000)
        (0.25000000 0.20000000 0.15000000 0.20000000 0.20000000)
        (0.01000000 0.05000000 0.01000000 0.05000000 0.88000000)
        (0.20000000 0.20000000 0.35000000 0.15000000 0.10000000));
}

potential (TempDis | Scenario)
{
    data = ((0.13000000 0.15000000 0.10000000 0.62000000)
        (0.15000000 0.15000000 0.25000000 0.45000000)
        (0.12000000 0.10000000 0.35000000 0.43000000)
        (0.10000000 0.15000000 0.40000000 0.35000000)
        (0.04000000 0.04000000 0.82000000 0.10000000)
        (0.05000000 0.12000000 0.75000000 0.08000000)
        (0.03000000 0.03000000 0.84000000 0.10000000)
        (0.05000000 0.40000000 0.50000000 0.05000000)
        000000 0.01000000 0.12000000 0.20000000 
        0.00000000)
        (0.25000000 0.01000000 0.30000000 0.01000000 0.03000000 
        0.40000000)
        (0.04000000 0.02000000 0.04000000 0.80000000 0.10000000 
        0.00000000)
        (0.20000000 0.30000000 0.05000000 0.37000000 0.07000000 
        0.01000000)
        (0.60000000 0.08000000 0.07000000 0.03000000 0.20000000 
        0.02000000)
        (0.10000000 0.05000000 0.10000000 0.05000000 0.20000000 
        0.50000000));
}
